id	X0	X1	X2	I1	I2	I3	I4	I5	trueclass
1	1	0.3	0.8	2	2	1	2	2	1
2	1	-0.3	-0.1	1	1	1	1	1	3
3	1	-0.6	-0.7	2	2	2	1	1	2
4	1	-1.4	-2	2	2	2	1	2	2
5	1	-0.9	-0.6	1	2	2	1	1	2
6	1	-0.5	0.4	2	2	2	1	1	2
7	1	-0.2	-0.6	1	2	2	2	2	1
8	1	0.5	-0.2	2	2	1	1	1	2
9	1	1	0.3	1	1	2	1	1	3
10	1	-0.1	0.3	2	2	2	2	2	1
11	1	0.7	0	2	2	2	2	2	1
12	1	-0.2	-1.3	2	2	2	1	2	1
13	1	0.9	0.1	2	2	2	2	2	1
14	1	-0.2	0.4	2	2	2	1	1	2
15	1	1.1	0.7	2	2	2	2	2	1
16	1	0.1	0.4	1	1	1	1	1	3
17	1	0.8	0.4	2	1	2	1	1	2
18	1	-1.1	1.5	2	2	2	2	2	1
19	1	-0.7	1.2	2	2	2	1	1	2
20	1	1.1	1.1	2	2	2	1	1	2
21	1	-0.8	-0.6	1	1	1	1	1	3
22	1	-0.8	-0.7	1	1	1	1	1	3
23	1	-1.1	1.4	1	2	1	1	1	3
24	1	1.4	1.5	2	2	1	2	2	1
25	1	-0.2	0.2	1	2	1	2	2	1
26	1	-0.5	-1.1	1	1	1	1	1	3
27	1	0.7	1	2	2	2	1	2	2
28	1	1	0.1	2	2	2	2	2	1
29	1	-1.6	1.1	2	2	2	1	1	2
30	1	-1.8	-0.2	2	2	1	2	2	1
31	1	-0.3	-0.1	2	2	2	2	2	1
32	1	-0.9	0.2	1	1	1	1	1	3
33	1	-0.1	-0.2	2	2	2	2	2	1
34	1	1.2	-0.3	2	2	2	2	2	1
35	1	-0.1	0.6	1	1	1	1	1	3
36	1	-0.9	-2.4	1	2	1	2	1	3
37	1	1	-0.8	1	1	1	1	1	3
38	1	-1	0.6	1	2	1	1	1	3
39	1	0.9	1.7	2	2	2	1	2	1
40	1	-1.3	-1.5	2	1	2	2	2	1
41	1	-2.4	-0.4	2	2	2	1	1	2
42	1	1.4	0.9	2	2	1	1	1	3
43	1	0.1	-1.8	2	2	2	2	2	1
44	1	0.9	0.8	2	2	2	1	1	2
45	1	0.3	-1.5	2	2	2	1	1	2
46	1	-1	-0.6	2	2	2	1	1	2
47	1	2.5	1.4	2	2	2	2	2	1
48	1	1.8	0	1	1	1	1	1	3
49	1	1.3	0.3	1	1	2	1	1	2
50	1	-0.5	-1	2	2	2	2	1	2
51	1	0.4	-0.5	2	2	2	1	1	2
52	1	2.2	-2	1	1	1	2	1	3
53	1	1.2	0.4	2	2	2	1	1	2
54	1	0.1	0.8	2	2	2	2	2	1
55	1	0	0.2	2	2	2	1	2	2
56	1	-0.9	0.4	1	1	2	1	2	1
57	1	0.2	0.1	2	1	2	1	2	2
58	1	0.2	-0.4	2	2	2	2	1	2
59	1	-0.4	-0.1	1	1	2	1	1	3
60	1	1.1	-0.3	2	2	2	2	1	2
61	1	0.8	0.3	2	2	2	2	1	1
62	1	-1.2	0.4	2	2	2	2	2	1
63	1	-2.2	-1	1	1	2	1	1	3
64	1	-1	0.2	2	2	2	1	1	2
65	1	0.4	-0.5	2	2	2	2	2	1
66	1	1.1	-0.2	1	1	1	1	1	3
67	1	0.8	1.2	2	2	2	2	2	1
68	1	0.2	0	2	2	1	1	1	2
69	1	-1.7	-0.6	1	1	1	1	1	3
70	1	-0.1	-0.7	2	2	1	2	2	1
71	1	-0.4	-0.5	2	2	2	1	1	2
72	1	1.1	1.2	2	2	2	1	1	2
73	1	0.4	-0.7	2	2	1	2	1	1
74	1	-1.3	0	1	1	1	1	1	3
75	1	-1.6	0.2	1	1	1	1	1	3
76	1	0.1	1.9	1	2	2	2	1	1
77	1	0.7	-2.4	2	2	2	1	1	2
78	1	0.2	-1.5	2	2	2	1	1	2
79	1	0.1	1.1	2	2	2	2	2	1
80	1	-0.1	-0.3	2	2	2	2	2	1
81	1	-0.3	-0.7	2	2	2	1	1	2
82	1	-0.3	-1.1	2	2	2	2	2	1
83	1	-0.6	-0.4	2	2	2	2	2	1
84	1	-0.2	1.1	2	2	2	2	2	1
85	1	-0.9	-0.5	2	2	2	2	2	1
86	1	-1.1	-0.7	1	2	1	1	1	3
87	1	1.3	0.1	2	2	2	2	2	1
88	1	1.9	1.9	1	1	1	1	2	3
89	1	-0.6	-0.2	2	2	2	2	1	2
90	1	-0.8	-1.8	2	1	2	2	2	1
91	1	1.8	0.1	2	2	2	2	2	1
92	1	-1	-0.8	2	2	2	1	1	2
93	1	-1.1	0.2	2	2	2	1	1	2
94	1	-1	0.7	1	1	1	1	1	3
95	1	0.2	-0.1	2	2	2	2	2	1
96	1	-0.8	0.5	1	2	1	1	1	3
97	1	0.4	-0.1	2	2	2	1	2	1
98	1	1.3	0.5	1	1	1	1	1	3
99	1	0.1	-0.5	1	1	2	1	1	3
100	1	-2.6	0.1	1	1	1	1	1	3
101	1	-1.7	-0.9	2	2	2	1	1	2
102	1	0.1	0	1	1	1	1	1	3
103	1	0	0	2	2	2	1	1	2
104	1	-0.5	0	2	2	2	1	1	2
105	1	-1.2	-1.1	1	1	1	2	1	3
106	1	1.1	1.5	1	1	2	1	1	3
107	1	-0.7	-0.1	2	1	2	2	2	1
108	1	0.1	-0.4	1	2	2	2	1	2
109	1	-0.4	-0.6	2	2	2	1	2	1
110	1	0.2	0.7	2	1	2	1	2	2
111	1	0.1	-0.6	1	2	2	2	2	1
112	1	0.1	0.8	2	1	2	2	1	1
113	1	0.7	0.3	2	2	2	2	2	1
114	1	-0.2	-0.4	1	1	1	1	1	3
115	1	1.1	0.8	1	1	1	1	1	3
116	1	1.3	1.9	2	2	2	2	2	1
117	1	-1.9	0.2	2	2	1	1	1	3
118	1	-0.4	-0.2	2	2	2	2	2	1
119	1	-0.5	-0.2	2	2	2	2	1	1
120	1	-1.1	0.8	1	2	2	2	2	1
121	1	-0.1	-1.6	1	2	1	1	1	3
122	1	-0.4	0.9	2	2	2	2	2	1
123	1	0.1	0.5	1	1	1	1	1	3
124	1	1.3	0.3	1	2	1	1	1	3
125	1	-0.8	-1.2	1	1	1	1	1	3
126	1	-0.1	0.9	2	2	2	2	2	1
127	1	-0.2	-0.4	2	1	1	1	1	3
128	1	0	0.6	2	2	2	2	2	1
129	1	0.5	-0.8	1	1	1	1	1	3
130	1	-2.2	-0.9	1	2	2	1	1	2
131	1	0.5	0.6	1	1	1	1	1	3
132	1	-2.3	-1.1	2	1	2	1	2	3
133	1	0.9	0.7	1	2	2	2	2	1
134	1	0.3	1.2	2	2	2	2	2	1
135	1	-0.6	-1.1	2	2	2	1	1	2
136	1	1.3	-1.6	2	2	2	2	1	2
137	1	-1	0.5	2	2	2	2	1	1
138	1	-1.8	0.1	2	2	2	1	1	2
139	1	0.1	-1.4	2	2	2	2	1	2
140	1	2.3	1.5	2	2	2	1	1	2
141	1	1.1	-0.4	2	2	2	2	2	1
142	1	-0.3	0.1	1	2	2	1	1	2
143	1	-1	-2.4	2	2	2	1	1	2
144	1	1.4	1	1	2	1	1	1	3
145	1	0.4	0.1	1	1	1	1	1	3
146	1	-0.4	0.2	1	1	1	1	1	3
147	1	-0.1	-1.1	2	2	1	1	1	2
148	1	-0.1	-0.9	2	2	2	1	1	2
149	1	-0.6	-0.7	1	1	2	1	1	3
150	1	-0.1	0.7	1	1	2	1	1	3
151	1	0.3	0.8	1	2	2	2	1	1
152	1	-0.5	0	1	2	1	1	1	3
153	1	0	0.9	2	2	2	1	1	2
154	1	0.1	-0.6	1	1	1	1	1	3
155	1	-0.1	0.3	2	2	1	2	2	1
156	1	0.3	1.2	2	1	2	1	1	2
157	1	-2.5	-0.8	2	2	2	2	2	1
158	1	0.4	0.4	1	2	2	1	1	2
159	1	0.9	1.4	1	1	1	1	1	3
160	1	0.3	-1.4	2	2	2	2	1	1
161	1	0.7	0.3	2	2	2	1	1	2
162	1	-0.5	0.3	1	1	1	1	1	3
163	1	-0.7	-0.4	1	1	1	1	1	3
164	1	-0.6	-0.7	2	2	2	1	1	2
165	1	0.5	0.7	2	2	1	1	1	2
166	1	1.1	-0.2	2	2	2	1	1	2
167	1	0.4	1.2	1	2	1	1	2	1
168	1	0.2	0.6	2	2	2	1	1	2
169	1	-0.2	0.6	2	2	2	2	2	1
170	1	0.2	-1.8	2	2	1	1	1	2
171	1	-0.4	-1.2	2	1	1	2	1	3
172	1	-2.4	-1.6	1	2	2	1	1	2
173	1	0.6	0.6	1	1	1	1	1	3
174	1	-1.1	-0.7	2	2	2	1	2	2
175	1	-0.8	-0.9	1	1	1	1	1	3
176	1	1.2	0.5	2	2	2	1	2	2
177	1	-1	-0.2	2	2	2	1	1	2
178	1	-1	0.1	2	2	2	1	1	2
179	1	-1.1	-0.6	1	1	1	1	1	3
180	1	0.2	0.7	1	1	1	1	1	3
181	1	0.1	-0.1	2	2	2	1	1	1
182	1	0.2	-0.6	2	2	2	2	2	1
183	1	0.5	0	2	2	2	1	1	2
184	1	0.3	-0.1	2	2	2	1	1	1
185	1	0.6	0.2	1	1	1	1	2	3
186	1	1.6	0.6	1	1	1	1	1	3
187	1	-0.9	0.1	1	1	1	1	1	3
188	1	0.3	0.4	2	1	2	1	1	2
189	1	-1.5	-1.3	2	2	2	1	1	2
190	1	-2.2	-0.3	1	2	1	1	1	3
191	1	-1.1	-0.2	2	2	2	1	1	2
192	1	-1.8	-0.2	1	1	1	1	1	3
193	1	-0.2	0.1	2	1	2	2	2	1
194	1	2.3	1.4	1	1	1	1	1	3
195	1	-0.4	0.7	1	1	1	1	1	3
196	1	1.3	-0.5	2	2	2	2	1	2
197	1	0.8	0.5	2	1	1	1	2	3
198	1	-0.3	0.2	2	2	2	1	2	2
199	1	-1.3	-0.7	2	2	2	1	1	2
200	1	1	1.2	1	1	1	1	1	3
201	1	-1	-1.9	2	2	2	1	1	2
202	1	0.5	-1.6	1	1	1	1	1	3
203	1	-0.6	-0.3	2	2	2	2	2	1
204	1	-1.3	-1	2	2	2	1	1	2
205	1	0.8	1.5	2	1	1	1	1	3
206	1	0	1.2	1	1	2	1	2	1
207	1	-0.4	-1.4	2	2	2	2	2	1
208	1	-0.6	0.5	2	2	2	1	2	2
209	1	-0.7	0.2	2	2	2	2	2	1
210	1	-0.2	-0.2	1	1	1	1	1	3
211	1	-1.8	0.8	1	1	2	2	1	3
212	1	-0.2	-0.3	2	2	2	1	1	2
213	1	-0.8	-1	2	1	2	2	2	1
214	1	-0.1	-0.2	2	2	2	2	1	1
215	1	-0.3	-0.1	1	1	1	1	1	3
216	1	-0.4	0.2	2	2	2	1	1	2
217	1	0.5	0.2	1	2	2	2	2	1
218	1	0.6	-0.9	1	1	1	1	1	3
219	1	-1.4	-0.4	2	1	2	1	1	2
220	1	0.9	1.7	2	1	1	1	1	3
221	1	-0.8	1.4	1	1	1	1	2	3
222	1	1	-0.9	2	2	2	2	2	1
223	1	0.1	0	2	2	2	1	2	1
224	1	0.3	0	2	1	2	1	2	2
225	1	-0.2	0.9	2	2	2	1	1	2
226	1	-1.1	0.4	1	1	1	1	1	3
227	1	0.3	-1.1	1	1	1	1	1	3
228	1	-2.1	0.4	2	1	2	1	1	2
229	1	-0.9	0.6	2	2	2	2	1	2
230	1	0	0.5	1	2	2	1	1	3
231	1	0.5	1.2	1	2	2	1	1	2
232	1	-1.2	-0.1	1	2	2	1	1	2
233	1	0.6	0.8	2	2	2	2	2	1
234	1	0	0	1	1	1	1	2	3
235	1	-0.2	-0.2	2	2	2	1	1	2
236	1	-0.9	0.2	1	1	1	1	1	3
237	1	0.6	0.9	2	2	2	1	1	2
238	1	-1.5	-0.5	1	1	1	1	1	3
239	1	0.6	0.9	2	2	2	2	2	1
240	1	0.1	1.3	2	2	2	1	1	2
241	1	0.1	0.4	1	2	2	1	1	2
242	1	0.1	-0.4	2	2	2	2	2	1
243	1	0.4	0.8	1	1	1	1	1	3
244	1	0.7	0.5	2	1	2	1	1	2
245	1	0.4	0.8	1	1	1	1	1	3
246	1	1.4	-0.1	1	1	1	1	1	3
247	1	-1.9	0.1	2	2	2	2	2	1
248	1	-0.5	-0.4	2	1	2	1	1	2
249	1	-2.2	-0.7	2	2	2	2	2	1
250	1	0.3	-0.5	2	2	2	1	1	2
251	1	-0.2	0.3	2	2	2	2	2	1
252	1	1.5	1.8	2	2	1	2	2	1
253	1	-0.4	-0.6	1	1	1	1	1	3
254	1	1.2	-0.6	1	1	1	1	1	3
255	1	0.4	0	1	1	2	1	1	3
256	1	-1.2	-0.2	2	1	1	2	1	3
257	1	-0.5	0.1	2	2	2	2	1	1
258	1	-0.3	-0.8	2	2	2	1	1	2
259	1	-0.5	-0.1	2	2	2	2	1	2
260	1	-0.8	-0.3	2	2	2	1	1	2
261	1	-1.1	-1	2	2	2	2	2	1
262	1	-0.4	1.4	1	1	1	1	1	3
263	1	-1.4	-0.4	2	2	2	1	1	2
264	1	1.7	0.7	1	1	1	1	1	3
265	1	1.3	1.5	2	2	2	2	2	1
266	1	-1.3	-0.5	2	2	2	2	2	1
267	1	-0.5	0.2	2	2	2	2	2	1
268	1	0.2	0.1	2	2	2	2	2	1
269	1	1.3	0.7	2	2	2	1	2	2
270	1	-0.4	0.5	2	2	2	1	1	2
271	1	2.7	1.2	2	2	2	1	1	2
272	1	-0.1	-0.4	2	2	2	2	2	1
273	1	0.1	-0.4	1	2	1	1	1	3
274	1	0.1	-1	2	2	2	1	1	2
275	1	0.3	-0.2	1	1	1	1	2	3
276	1	-0.1	-0.2	2	2	2	2	2	1
277	1	1.8	-0.1	1	1	1	1	1	3
278	1	0.2	-0.8	1	1	1	1	2	3
279	1	2.1	0.1	2	2	2	2	1	2
280	1	-0.1	-0.2	1	2	2	2	2	1
281	1	1.6	0.4	1	1	1	1	1	3
282	1	-0.7	-1.1	1	1	1	1	1	3
283	1	1.4	-0.1	1	1	1	1	1	3
284	1	0.2	-0.9	1	1	1	1	1	3
285	1	0	1.7	1	1	2	2	1	3
286	1	-0.1	1.8	1	1	1	1	1	3
287	1	0.4	-0.4	2	2	2	1	1	2
288	1	-0.7	-0.3	2	2	2	1	1	2
289	1	-0.4	0.3	2	2	2	1	2	1
290	1	-2	1.1	1	1	1	1	1	3
291	1	-0.4	-0.3	1	1	1	1	1	3
292	1	1.3	-0.8	2	2	2	1	1	2
293	1	-1.1	1	2	2	2	2	2	1
294	1	-0.4	-1.1	2	2	2	1	1	2
295	1	2	1.7	2	2	2	2	1	1
296	1	-0.9	1.3	1	1	1	1	1	3
297	1	1.6	0.5	1	1	1	1	1	3
298	1	-0.2	-0.7	2	2	2	1	1	2
299	1	-0.7	-0.2	2	2	2	1	1	2
300	1	-0.1	0.4	2	2	2	1	1	2
301	1	1.3	0.9	2	2	2	1	1	2
302	1	-1.5	-0.2	2	2	2	2	2	1
303	1	-0.1	-0.1	1	1	2	2	1	3
304	1	0.8	0.1	2	2	2	1	1	2
305	1	-0.6	0.9	1	1	1	1	1	3
306	1	-0.9	-1	2	1	2	2	2	1
307	1	0.2	0.2	2	1	2	1	1	2
308	1	0	-1	2	2	2	1	1	2
309	1	2.5	-1.2	1	1	2	2	1	3
310	1	0.6	1.4	1	1	1	1	1	3
311	1	1.7	-1.5	1	1	1	1	1	3
312	1	-0.9	0.4	2	1	2	1	1	3
313	1	0.5	0.4	2	2	2	1	2	1
314	1	0.2	-0.7	2	2	2	2	2	1
315	1	-1.7	-0.7	2	2	2	1	1	2
316	1	-0.3	-0.7	2	2	2	2	2	2
317	1	-0.1	-0.1	1	1	1	1	1	3
318	1	0.9	0.5	1	1	1	1	1	3
319	1	-0.2	0.7	2	1	1	1	1	3
320	1	2.3	-0.3	2	1	2	1	2	2
321	1	-0.2	-0.9	2	2	2	1	1	2
322	1	1.4	0.6	2	2	2	1	1	2
323	1	0.9	-0.5	2	2	1	2	2	1
324	1	-2	0.4	2	2	1	2	2	1
325	1	-1.3	-1.1	1	1	1	1	1	3
326	1	0.4	0.7	1	1	1	1	2	3
327	1	0.4	0.9	1	1	1	1	1	3
328	1	-0.1	0.2	2	1	1	1	2	3
329	1	0	-0.2	1	1	2	1	1	3
330	1	-0.9	-0.5	1	1	1	1	1	3
331	1	0.5	-0.5	1	1	1	1	1	3
332	1	-1.4	-1.4	2	1	1	1	1	3
333	1	-0.1	0.7	2	2	2	1	1	2
334	1	0.6	-0.4	1	1	1	1	1	3
335	1	-0.3	-0.1	2	2	2	2	2	1
336	1	0.1	0	2	1	2	2	2	1
337	1	0.6	0.9	2	2	2	2	2	1
338	1	-1.1	0.8	2	1	2	1	1	2
339	1	0.7	-0.6	1	2	1	2	1	3
340	1	-0.7	-1.3	2	1	1	1	1	3
341	1	-0.8	0.5	2	2	2	2	2	1
342	1	-0.8	-1.4	2	1	1	1	1	3
343	1	0.6	0.2	2	2	2	1	2	2
344	1	1.6	0.5	2	2	1	2	2	1
345	1	0	0.2	2	1	2	2	2	1
346	1	0.8	-1	2	2	2	2	1	1
347	1	1.2	2.5	2	2	2	1	1	2
348	1	1.3	0.6	2	1	2	1	1	2
349	1	-0.1	-0.7	1	1	1	1	2	3
350	1	1	-0.6	2	2	2	1	1	2
351	1	-0.5	1.2	1	1	1	2	1	3
352	1	-1.1	-0.2	2	2	2	1	1	2
353	1	1.7	2	1	1	1	1	1	3
354	1	-1.3	-1.6	2	2	2	2	1	2
355	1	-3	-1.8	2	2	2	2	2	1
356	1	0.4	0.6	1	1	1	1	1	3
357	1	-0.9	-0.7	1	1	1	1	1	3
358	1	-0.2	0	2	2	2	1	1	2
359	1	1.2	1.4	2	2	2	1	1	2
360	1	-0.4	-0.4	1	1	1	1	1	3
361	1	0.6	0.5	2	2	2	1	1	2
362	1	-2	0.6	2	2	2	2	2	1
363	1	0.3	0.9	2	2	2	1	2	1
364	1	-0.2	-0.1	2	1	2	1	1	2
365	1	0.4	0.6	2	1	2	2	1	2
366	1	-1.4	0.7	2	1	2	1	1	2
367	1	-1.1	0.4	2	1	1	1	1	2
368	1	-0.1	-0.1	1	2	2	2	2	1
369	1	1.1	0.2	2	2	2	1	2	2
370	1	-1.3	0	1	1	1	1	1	3
371	1	1.4	-0.5	2	2	2	2	2	1
372	1	0.1	0.6	2	1	2	2	2	1
373	1	-0.8	-1.8	2	2	2	2	2	1
374	1	-0.7	-0.3	2	2	2	1	1	2
375	1	-0.1	0.4	2	2	2	1	1	2
376	1	0.6	-0.3	2	2	2	2	2	1
377	1	0.3	-0.1	2	2	2	1	1	2
378	1	-1.6	-0.7	2	2	1	1	1	3
379	1	0.9	0.5	2	2	2	1	1	2
380	1	-0.3	0.1	2	2	2	1	1	2
381	1	-0.4	0.2	1	1	1	1	1	3
382	1	1.7	1.5	1	1	1	1	2	3
383	1	0.8	-0.2	2	2	2	2	2	1
384	1	-1.4	-0.8	1	1	1	1	1	3
385	1	0.7	-0.2	2	2	2	1	1	2
386	1	-1	0.6	2	2	2	2	2	1
387	1	0.6	0.7	2	1	2	2	2	1
388	1	2.9	0.3	2	2	2	2	2	1
389	1	0.8	-0.2	1	1	1	1	1	3
390	1	-1	-0.6	2	2	1	1	1	2
391	1	-1.2	0.2	1	1	1	2	2	3
392	1	1.6	1.1	2	2	2	1	1	2
393	1	0.4	-0.3	1	1	1	1	1	3
394	1	-0.3	0.4	1	1	1	1	1	3
395	1	-2.5	0.8	2	2	1	1	1	2
396	1	0.6	0.2	2	2	2	1	2	1
397	1	-1.3	-0.9	1	2	1	1	1	3
398	1	0.2	2.2	2	2	2	2	1	2
399	1	0.5	-0.1	2	2	2	1	1	2
400	1	-0.4	0.9	1	1	1	1	1	3
401	1	0.4	0.1	1	1	1	1	1	3
402	1	1	0.3	2	1	2	2	2	1
403	1	-1.6	-0.3	2	2	2	2	2	1
404	1	-1.2	-0.7	2	2	2	1	1	2
405	1	-0.3	0.1	2	2	2	1	2	1
406	1	-0.5	0.6	2	2	1	2	2	1
407	1	0.6	1.1	2	2	2	1	1	2
408	1	-0.8	0.1	2	2	2	1	2	1
409	1	-0.1	0.1	2	2	2	2	2	1
410	1	0.5	0.2	2	2	2	1	2	2
411	1	0.1	0	2	1	2	1	1	2
412	1	-1.9	-0.8	2	2	2	1	1	2
413	1	0.3	-0.2	1	1	1	1	2	3
414	1	-0.1	-1.2	2	2	2	2	2	1
415	1	0	-0.3	2	2	1	1	1	2
416	1	0.3	-0.1	2	2	2	1	1	2
417	1	-0.9	0	1	2	2	2	1	3
418	1	-0.5	-0.7	2	2	2	2	1	1
419	1	-1	0.3	1	1	1	1	1	3
420	1	0.2	0.3	1	1	2	1	1	3
421	1	0.6	1	2	2	2	1	1	2
422	1	2.1	-0.3	2	2	2	1	1	2
423	1	-0.2	0.1	2	1	1	1	1	3
424	1	1.3	0.2	2	2	2	1	1	2
425	1	-1.9	-0.5	2	2	2	2	2	1
426	1	1.3	0	2	2	2	1	1	2
427	1	0.6	-0.8	2	2	2	2	2	1
428	1	1	0.8	1	2	1	1	1	3
429	1	2.8	1.1	2	2	1	2	2	1
430	1	-1.8	-0.4	2	2	2	1	1	2
431	1	0.6	1.4	2	2	2	1	1	2
432	1	-0.3	0.2	1	2	2	1	1	3
433	1	0.8	-0.2	2	1	2	2	2	1
434	1	1.5	-0.1	2	2	2	2	2	1
435	1	-1	1.4	1	1	2	2	2	1
436	1	-1.2	0.9	2	2	2	1	2	1
437	1	-0.1	0.2	1	2	2	2	2	1
438	1	0.5	-0.3	2	2	2	1	2	2
439	1	-1.3	-1	2	2	2	2	2	1
440	1	0.2	0.7	2	2	2	2	2	1
441	1	0.9	0.1	1	1	1	1	1	3
442	1	0.1	0	2	2	2	2	2	1
443	1	-0.9	-1.2	1	2	1	1	1	3
444	1	1.1	1.3	2	2	2	2	2	1
445	1	1	2	2	1	2	2	2	1
446	1	-1.4	-0.3	2	2	2	1	1	2
447	1	-0.4	-0.6	1	1	1	1	1	3
448	1	0.7	0.1	1	1	1	2	2	3
449	1	-0.5	0.2	2	2	2	1	1	2
450	1	0.7	0.9	1	2	2	1	1	3
451	1	-0.9	-0.3	1	1	1	1	1	3
452	1	-1.1	0.6	2	2	2	2	1	2
453	1	0.4	0.4	1	2	1	1	1	3
454	1	0.4	-0.6	1	1	1	1	1	3
455	1	-0.4	0.2	2	2	2	2	2	1
456	1	0.2	-0.3	2	2	2	1	1	2
457	1	-1.4	0.5	1	1	1	1	1	3
458	1	0.5	-0.6	2	2	2	1	1	2
459	1	-2.2	0	1	1	1	1	1	3
460	1	0.8	-0.2	2	2	2	2	2	1
461	1	0.5	0.6	2	2	2	2	2	1
462	1	1.2	0.4	2	2	2	2	2	1
463	1	0.8	0.3	2	2	1	2	1	2
464	1	-0.7	0.8	1	1	1	1	1	3
465	1	1.2	-0.8	2	2	2	1	1	2
466	1	-1.8	0.6	2	2	2	2	2	1
467	1	1.3	0.5	2	2	2	1	1	2
468	1	-0.8	1.1	2	2	2	2	2	1
469	1	-1.5	-0.2	2	2	2	2	2	1
470	1	-0.2	0.1	1	1	1	1	1	3
471	1	-0.2	-0.1	1	2	1	1	1	3
472	1	-0.8	-0.9	2	2	2	1	1	2
473	1	-0.2	0.2	1	1	1	1	1	3
474	1	-1.2	0.2	2	2	2	2	2	1
475	1	-0.2	0.5	2	2	2	2	2	1
476	1	0.9	0.2	1	1	1	1	1	3
477	1	-0.2	1.6	2	2	2	2	2	1
478	1	0	0.2	2	2	2	1	1	2
479	1	-2.3	-0.1	2	2	2	2	2	1
480	1	-0.5	0.2	2	2	1	1	1	2
481	1	0.3	0	2	2	2	2	2	1
482	1	1.1	0.5	1	1	1	1	1	3
483	1	-0.5	0.8	2	2	2	1	2	2
484	1	-0.8	-0.5	2	2	2	1	1	2
485	1	1.5	-0.8	2	1	2	2	2	1
486	1	-1.2	-0.1	2	2	2	2	2	1
487	1	-0.2	-0.3	2	2	2	2	2	1
488	1	-1.2	0.7	2	2	2	1	1	2
489	1	3.3	-0.7	2	2	1	2	1	2
490	1	-0.6	-0.6	2	2	2	1	1	2
491	1	-1.6	-1.7	2	2	2	2	2	1
492	1	1.5	-0.7	1	1	2	1	1	3
493	1	0	-0.9	2	2	2	1	1	2
494	1	0.6	0.4	2	2	2	2	2	1
495	1	-0.4	-1.3	1	1	1	1	1	3
496	1	-0.9	-0.9	1	2	1	1	2	3
497	1	-1	-1.8	2	2	2	2	2	1
498	1	-1.2	-0.5	1	1	1	1	1	3
499	1	-0.8	-1.6	2	2	2	2	2	1
500	1	-1.1	-1.1	2	1	2	1	1	1
501	1	-0.6	-1.5	2	2	2	2	2	1
502	1	0	1.1	2	2	2	1	1	2
503	1	-1.5	0	2	2	2	2	2	1
504	1	-0.4	-0.6	2	2	2	2	1	1
505	1	0.2	-1.5	2	2	2	1	1	2
506	1	1	0.6	2	2	2	1	1	2
507	1	0.6	-1.6	2	2	2	1	2	1
508	1	-2.2	-0.2	1	2	2	2	2	1
509	1	0.2	-0.3	1	1	1	2	1	3
510	1	1	1.3	2	1	2	1	1	2
511	1	0.1	-1.5	2	2	2	1	1	2
512	1	-1.4	0.4	1	1	1	1	1	3
513	1	1.1	1.4	1	2	1	1	1	3
514	1	1.3	1.3	2	2	2	1	1	2
515	1	-0.6	-0.8	1	2	2	2	2	1
516	1	-0.6	1.2	2	2	2	2	2	1
517	1	-0.4	-1.3	1	1	1	1	1	3
518	1	-1.1	-1.2	2	2	2	2	2	1
519	1	0.4	-0.1	1	1	1	1	1	3
520	1	-0.9	-0.3	1	1	1	1	1	3
521	1	-0.2	1.6	2	2	2	1	1	2
522	1	-0.3	0.9	1	1	1	1	1	3
523	1	-0.9	-1	2	2	2	2	2	1
524	1	-0.7	-0.5	2	2	1	1	1	2
525	1	1.2	-1.1	2	2	2	2	2	1
526	1	-0.7	0.3	1	2	1	1	1	3
527	1	-0.6	0.4	1	1	1	2	1	3
528	1	-0.1	-0.6	2	1	2	2	2	1
529	1	-0.9	1.3	2	2	1	2	2	1
530	1	-1	-0.7	2	2	2	2	2	1
531	1	-0.6	0.4	2	2	2	2	2	1
532	1	-0.2	-1.1	2	2	2	1	1	2
533	1	1	1.3	2	2	2	1	1	1
534	1	-1.2	-0.9	2	2	2	2	2	1
535	1	0.7	1.1	2	2	2	1	1	2
536	1	-0.4	-0.2	2	1	2	1	1	3
537	1	-1.4	-0.7	2	2	2	2	1	2
538	1	-0.6	0.1	1	1	1	1	1	3
539	1	-0.8	1.1	2	2	2	2	2	1
540	1	-1	-0.8	1	1	1	1	1	3
541	1	-0.6	-0.3	2	2	2	1	1	2
542	1	-3.2	-0.2	1	1	1	1	1	3
543	1	-0.7	0.6	1	1	1	1	1	3
544	1	0.9	1.8	2	2	2	2	1	1
545	1	0.8	0.2	2	2	2	2	2	1
546	1	0.9	1.2	1	1	1	1	1	3
547	1	-0.3	0.7	2	2	2	1	2	2
548	1	-0.1	-2.4	2	2	2	1	1	2
549	1	-1.4	-0.4	2	2	2	1	1	2
550	1	0.8	0.2	2	2	2	2	2	1
551	1	0.5	-0.5	2	2	2	1	1	2
552	1	0.1	0.4	1	2	1	1	1	3
553	1	0.1	-0.5	2	2	2	1	1	2
554	1	-0.1	-1.3	2	2	2	1	2	2
555	1	-0.4	-0.3	2	2	1	2	2	1
556	1	0.5	-0.3	1	1	1	1	1	3
557	1	-0.3	-1.2	2	2	2	2	2	1
558	1	-0.6	-1.1	1	2	2	1	2	2
559	1	0.1	-0.1	1	1	1	2	2	3
560	1	1.6	0.4	2	2	2	2	2	1
561	1	0.7	0.9	2	2	1	1	1	2
562	1	-1.3	-1	1	1	1	1	1	3
563	1	0.2	-0.2	2	2	2	1	1	2
564	1	-1.1	-0.4	2	2	2	2	2	1
565	1	-1.7	-1.4	1	1	1	1	1	3
566	1	-0.2	-0.7	2	2	2	2	2	1
567	1	-0.8	-1.3	2	2	2	1	1	2
568	1	-0.5	1	1	2	2	2	2	1
569	1	-0.4	1.5	1	2	2	2	1	1
570	1	2.9	0.9	2	2	2	2	1	2
571	1	0.5	0.3	2	2	2	1	2	1
572	1	0.5	1.9	2	2	2	2	2	1
573	1	0.3	-0.8	1	1	1	1	1	3
574	1	1.3	-0.5	1	2	2	1	1	2
575	1	0	1.1	2	2	2	2	2	1
576	1	-0.9	-0.7	1	2	2	1	1	2
577	1	0.4	1.6	2	2	1	2	2	1
578	1	-1.3	-0.9	2	2	2	2	2	1
579	1	-0.2	-0.8	2	2	2	1	1	2
580	1	0.2	0.1	1	1	1	1	1	3
581	1	-0.2	-0.5	2	2	2	2	2	1
582	1	-0.9	0.4	2	2	2	1	1	2
583	1	-0.5	-0.5	1	1	2	2	2	1
584	1	1.8	0.6	1	2	2	1	1	2
585	1	-0.7	-0.3	2	2	2	1	1	2
586	1	-0.6	-0.1	2	2	2	2	2	1
587	1	0.7	-0.1	1	1	1	1	1	3
588	1	-0.7	0	2	2	2	1	2	2
589	1	-0.2	-0.8	2	2	2	1	1	2
590	1	-0.1	-1	1	1	1	1	1	3
591	1	0.8	-0.4	1	1	1	1	1	3
592	1	-0.4	-0.7	1	1	1	1	1	3
593	1	-1.4	1.3	1	2	2	1	1	2
594	1	1.6	-0.8	1	1	1	1	1	3
595	1	-2.2	-0.8	2	2	1	2	2	1
596	1	0.2	-0.3	1	1	1	1	1	3
597	1	0.3	0.7	2	2	2	2	2	1
598	1	-0.5	-0.2	2	2	2	1	1	2
599	1	0.5	-0.3	2	2	2	1	1	2
600	1	0	-0.8	2	2	2	2	2	1
601	1	-0.4	-0.4	1	1	1	1	1	3
602	1	0.4	-0.5	2	2	2	1	1	2
603	1	1	0.3	2	2	2	1	1	2
604	1	-1.7	0.3	2	2	1	1	2	2
605	1	-1.3	-0.6	1	1	1	1	1	3
606	1	1.7	1	2	2	2	2	2	1
607	1	0.4	0.2	2	1	2	1	1	2
608	1	0.1	0.3	2	2	2	1	2	1
609	1	1.1	-0.5	2	2	2	2	2	1
610	1	-0.1	-0.7	1	1	1	1	1	3
611	1	-0.8	1.1	1	1	1	1	1	3
612	1	0.8	0.2	2	2	2	2	2	1
613	1	-0.5	-1.3	1	2	2	2	2	1
614	1	-0.1	-1.6	2	1	2	1	1	2
615	1	-0.5	0.6	2	2	2	1	1	2
616	1	0.1	-0.9	1	1	1	2	1	3
617	1	-2.2	0.3	2	1	1	1	1	3
618	1	-0.5	0.1	2	2	2	1	1	2
619	1	-0.3	-1.3	2	2	2	1	1	2
620	1	0.5	0.8	2	2	1	2	2	1
621	1	-1.1	0.3	2	2	2	2	2	1
622	1	-0.7	-1.2	2	2	2	1	1	2
623	1	0.4	1.1	1	1	1	1	1	3
624	1	-0.9	-1	2	2	2	2	2	1
625	1	-1.6	-0.3	2	2	2	2	1	1
626	1	0.6	1	1	1	1	1	2	3
627	1	0.3	-0.4	1	1	1	1	1	3
628	1	0.1	-0.5	2	2	2	2	2	1
629	1	-0.4	-1.2	2	2	2	2	1	1
630	1	0.8	0.1	2	2	2	2	2	1
631	1	-0.1	2	2	2	1	2	2	1
632	1	-0.1	0	1	2	1	1	1	3
633	1	2.3	0.5	2	1	2	1	1	2
634	1	-0.9	0.2	2	2	2	2	2	1
635	1	0.4	-0.1	2	2	1	1	1	2
636	1	0.2	0	2	2	2	2	2	1
637	1	0.2	0.9	2	1	2	1	1	2
638	1	0.3	0.9	2	2	2	2	2	1
639	1	1.5	-1.3	1	1	1	1	1	3
640	1	-0.5	0.3	2	2	2	2	1	2
641	1	-0.6	1.6	2	2	2	2	1	1
642	1	-1.8	0.6	1	1	1	1	2	3
643	1	1	0.2	2	2	2	2	1	2
644	1	-0.5	-0.1	2	2	2	2	2	1
645	1	0.2	1.2	1	2	2	2	2	1
646	1	0.9	1.5	2	2	2	2	2	1
647	1	0.1	-0.5	2	1	2	1	1	2
648	1	1.8	0.8	1	1	1	1	1	3
649	1	-0.7	0.1	1	1	1	1	1	3
650	1	-0.5	0.9	2	2	2	1	1	2
651	1	0.2	1.4	1	1	1	1	1	3
652	1	-1.4	0.1	1	2	1	1	1	3
653	1	-0.8	-0.5	2	2	2	2	1	2
654	1	-0.6	-0.5	2	2	2	1	1	2
655	1	-1.2	0.5	1	1	1	2	1	3
656	1	0.7	0.8	2	2	2	2	2	1
657	1	-0.4	1.4	1	1	1	1	1	3
658	1	0.7	1.1	1	1	1	1	1	3
659	1	0.6	0.8	2	2	2	2	2	1
660	1	0.2	-1.3	1	1	1	1	1	3
661	1	1.7	1.5	2	1	2	1	1	2
662	1	0	-0.4	1	1	1	1	2	3
663	1	-0.6	-0.1	1	2	1	1	1	3
664	1	-0.3	-0.7	2	2	2	1	2	1
665	1	-0.3	0.3	2	1	2	2	2	2
666	1	1.4	1	1	1	1	1	1	3
667	1	0.4	0	2	1	1	1	1	3
668	1	1.6	-0.4	2	2	2	2	2	1
669	1	1	1	1	1	1	1	1	3
670	1	-0.9	1	1	1	1	1	1	3
671	1	0.6	0.7	2	2	2	1	1	1
672	1	0.9	1.2	2	2	2	2	1	2
673	1	1.4	1.9	2	2	2	2	2	1
674	1	-1.4	-1.8	2	2	2	2	2	1
675	1	-1	0.1	1	1	2	1	1	3
676	1	0.4	-0.2	2	2	2	1	1	2
677	1	0.8	0.5	1	1	1	2	1	3
678	1	-1	-0.6	2	2	2	1	1	2
679	1	0.1	-1	1	1	1	1	1	3
680	1	-1.1	-0.9	2	2	2	1	2	2
681	1	1.2	0.6	2	2	2	1	1	2
682	1	-0.7	0.8	1	1	1	1	1	3
683	1	-0.3	-0.6	2	2	2	1	1	2
684	1	-0.8	-0.7	1	2	1	2	1	1
685	1	0.5	1.8	2	2	2	2	2	1
686	1	0.5	-0.6	2	2	2	1	1	2
687	1	0.2	-0.7	2	2	2	2	2	1
688	1	0.3	0.2	2	2	2	1	2	1
689	1	-1.6	0.6	2	2	2	2	2	1
690	1	-1.4	0.4	2	2	2	2	2	1
691	1	0.7	0.1	2	2	2	2	2	1
692	1	-1	0.4	2	2	2	1	1	2
693	1	2	0.8	1	1	1	1	1	3
694	1	0.7	0.2	2	2	2	1	1	2
695	1	0.2	0	1	2	1	2	1	2
696	1	-0.8	0	1	1	1	1	1	3
697	1	-0.4	-2	1	2	1	2	1	3
698	1	-0.8	-0.6	2	2	2	1	1	2
699	1	1.7	-1.4	2	2	2	2	2	1
700	1	1.2	-0.1	1	1	1	1	1	3
701	1	-0.5	0.2	2	2	1	1	1	2
702	1	-0.4	-1.2	2	2	2	1	1	2
703	1	-0.5	0.1	2	2	2	2	2	1
704	1	0.5	-0.3	2	2	2	1	1	2
705	1	0.3	-0.7	1	1	1	1	1	3
706	1	1.5	1.2	1	1	1	1	1	3
707	1	1.4	2.2	1	1	1	1	1	3
708	1	0.3	0.1	1	1	2	1	1	3
709	1	1.5	-1.4	2	2	1	2	2	1
710	1	0.4	0.6	2	2	2	2	2	1
711	1	0.2	0.4	2	2	1	2	2	1
712	1	-0.7	-1.4	2	2	2	2	1	1
713	1	-0.6	0.2	1	1	1	1	1	3
714	1	0.5	0.4	2	2	2	2	2	1
715	1	0.4	-1.1	2	2	2	2	2	1
716	1	0.1	0.3	2	2	2	1	1	2
717	1	0.4	0.1	1	1	1	1	1	3
718	1	0.1	-0.1	2	2	2	1	1	1
719	1	1.1	-0.2	1	1	2	1	2	3
720	1	0.7	-0.2	2	2	2	2	1	1
721	1	-0.5	0.8	1	1	1	1	1	3
722	1	0.1	1.2	2	2	2	1	1	2
723	1	-0.9	-0.2	1	1	2	1	1	3
724	1	0.6	-0.9	2	2	2	1	2	2
725	1	0.7	0	1	1	2	1	1	3
726	1	0	-0.1	2	2	2	1	1	2
727	1	0.8	-0.5	1	1	1	1	1	3
728	1	-2.6	-0.7	2	2	1	2	2	1
729	1	-0.7	-1.4	2	2	1	2	2	1
730	1	1.9	1	2	2	2	2	2	1
731	1	-1	-2.4	1	1	2	1	1	3
732	1	-0.7	-1.6	1	1	2	1	1	3
733	1	-0.4	0	2	2	2	1	1	2
734	1	-0.6	-0.1	2	2	2	1	2	1
735	1	0.7	-0.6	2	2	2	1	1	2
736	1	-0.2	0.5	2	2	2	1	1	2
737	1	-0.1	-1.7	1	1	1	1	1	3
738	1	0.1	-0.3	1	1	1	1	1	3
739	1	-0.7	-1.3	1	1	1	2	1	3
740	1	0.5	0.9	2	2	2	2	2	1
741	1	-0.4	-0.2	2	2	1	1	1	2
742	1	-0.9	-0.4	2	1	1	1	1	3
743	1	-0.1	0.1	1	1	1	2	1	3
744	1	-0.2	0	1	1	1	1	2	3
745	1	0.2	-1	2	2	2	2	2	1
746	1	0.5	0.2	2	2	1	1	1	2
747	1	1	-0.2	2	2	2	1	1	2
748	1	0.8	-0.7	2	2	2	2	2	1
749	1	0.4	-0.1	2	2	2	1	1	2
750	1	-0.3	1	2	1	2	2	2	1
751	1	1.1	-0.2	1	2	1	1	1	3
752	1	1.2	1.5	1	2	2	1	2	3
753	1	-1.6	-2.1	1	1	2	2	1	2
754	1	0.8	-0.2	1	1	1	2	1	3
755	1	0.6	-0.2	2	2	2	2	2	1
756	1	-1.3	-1	2	2	2	1	2	2
757	1	1.9	0.5	1	1	2	2	2	1
758	1	-0.6	0.9	2	2	2	1	1	2
759	1	-0.8	-0.5	2	2	2	1	1	2
760	1	0	-1.1	2	2	2	1	1	2
761	1	-0.9	-1.4	2	2	2	1	1	2
762	1	0.2	0.8	2	2	2	1	1	2
763	1	1.8	1.8	2	2	2	1	1	2
764	1	-0.8	-0.3	2	2	2	1	2	1
765	1	0.7	0.3	2	2	2	1	1	2
766	1	0	-0.7	1	2	2	2	2	1
767	1	0.7	0.4	2	2	2	2	1	2
768	1	0.1	0.2	1	1	1	1	1	3
769	1	0.1	0.4	2	2	2	1	1	2
770	1	0.6	-1	1	1	1	1	2	3
771	1	-1	1	2	2	1	2	1	2
772	1	-0.7	-0.1	2	1	1	1	1	3
773	1	0	1.9	2	2	2	2	2	1
774	1	0.9	-0.9	1	1	1	1	1	3
775	1	0.2	0.1	2	2	2	2	2	1
776	1	-0.3	0	2	2	2	1	1	2
777	1	1.3	0.6	2	2	2	1	1	2
778	1	-0.8	-0.7	1	1	1	1	1	3
779	1	0.8	0.9	2	2	2	1	2	1
780	1	0.4	0.4	1	1	1	1	1	3
781	1	0.4	-1	1	1	1	1	1	3
782	1	0	0.6	2	2	2	1	1	2
783	1	-0.3	1.1	1	1	1	1	1	3
784	1	1.7	-0.1	2	2	2	2	2	1
785	1	-1.1	-0.1	2	1	2	1	1	2
786	1	0.9	-0.3	1	1	1	1	1	3
787	1	1.9	-0.2	2	2	2	2	2	1
788	1	-0.2	-0.5	2	2	2	1	2	1
789	1	-0.4	-0.4	2	2	2	2	1	2
790	1	-1.8	-0.5	1	1	1	1	1	3
791	1	1.3	1.1	1	2	2	1	1	2
792	1	-0.7	-0.4	2	1	2	1	1	2
793	1	-0.3	-1.3	1	1	1	2	1	3
794	1	-0.4	-1	1	2	1	1	1	2
795	1	1.1	0.5	1	1	1	1	1	3
796	1	0.6	0	2	2	2	1	1	2
797	1	1	0.2	2	2	2	2	2	1
798	1	-0.2	-0.5	2	1	2	2	2	1
799	1	0.1	-1.1	2	1	1	1	1	3
800	1	-1.3	0.5	2	2	2	2	2	1
801	1	2.2	0.2	1	1	1	1	1	3
802	1	-0.2	-0.1	2	2	2	2	2	1
803	1	-1.7	0.3	2	2	2	2	2	1
804	1	0.3	-0.3	2	1	2	1	1	2
805	1	-0.4	0.4	1	2	2	2	2	1
806	1	1.8	-0.3	2	2	2	1	1	2
807	1	-1.8	1.2	2	2	2	1	1	2
808	1	0	0.9	2	2	2	1	2	2
809	1	-0.4	0.3	2	2	2	1	1	2
810	1	0.2	-0.1	1	1	1	1	2	3
811	1	0.9	0.8	1	2	2	2	2	1
812	1	-0.3	0.4	2	2	2	1	1	2
813	1	0.8	1.2	2	2	2	2	2	1
814	1	-0.1	-1.1	1	1	1	1	1	3
815	1	-0.2	-0.9	1	2	1	1	1	3
816	1	-0.1	-0.6	2	2	2	1	1	2
817	1	-0.8	0.6	1	2	1	1	1	3
818	1	-0.7	0.3	1	1	2	2	2	1
819	1	0	0.6	1	1	1	2	1	3
820	1	-0.2	0.3	2	1	2	2	2	1
821	1	-0.4	0.2	2	2	2	1	1	2
822	1	-0.7	0.4	1	1	1	1	1	3
823	1	1.9	0.6	2	2	2	2	2	1
824	1	-0.2	0.1	2	2	2	1	1	2
825	1	0	0	2	2	2	1	1	2
826	1	0.1	-0.8	1	2	1	1	1	3
827	1	-0.8	0.6	1	1	1	2	1	3
828	1	-1	-0.2	2	2	2	1	1	2
829	1	-0.2	0.7	2	2	2	1	1	2
830	1	0.8	1.3	1	2	2	1	1	2
831	1	-0.9	1.4	2	1	1	1	1	3
832	1	0.1	0.1	2	2	2	1	1	2
833	1	-0.8	0.5	2	2	1	2	2	1
834	1	-0.3	-0.9	2	2	2	2	2	1
835	1	0.2	1	2	2	2	2	2	2
836	1	-0.5	1.2	1	1	2	2	1	3
837	1	-0.1	-0.6	2	2	2	2	2	1
838	1	0.6	-1.3	2	2	2	2	2	1
839	1	0.7	0.6	2	1	1	1	1	3
840	1	0.7	0.4	1	1	1	1	1	3
841	1	-0.5	-0.2	2	2	2	1	1	2
842	1	0.9	0.7	2	2	2	1	2	2
843	1	-1.4	1.2	2	1	1	1	2	3
844	1	-1	-1	2	2	2	2	2	1
845	1	-0.8	-0.4	2	2	2	1	1	2
846	1	1.6	0.4	1	1	1	1	1	3
847	1	1.3	-0.4	2	2	2	1	2	1
848	1	-0.4	0.5	1	2	2	1	1	2
849	1	-0.2	-0.5	1	1	1	1	1	3
850	1	1.1	-0.6	2	2	2	1	1	2
851	1	-0.9	0.1	2	2	2	2	2	1
852	1	-0.6	-1	2	2	2	2	2	1
853	1	-1.3	0.6	2	2	2	2	1	1
854	1	0.9	-0.6	2	2	1	2	2	1
855	1	-2	0	2	2	2	2	1	1
856	1	-1.5	-0.2	1	1	1	1	1	3
857	1	-0.8	-0.5	2	2	2	2	2	1
858	1	1	1.3	1	1	1	2	1	3
859	1	0.1	1	2	2	2	2	2	1
860	1	-3.5	-0.9	1	2	2	2	2	1
861	1	0.8	-0.9	2	1	1	1	1	3
862	1	2.5	0.1	2	2	2	1	1	2
863	1	-1.1	0	2	2	2	2	2	1
864	1	0.3	0	2	1	1	1	1	3
865	1	0.3	-1.9	1	1	1	1	1	3
866	1	0.1	0.6	1	1	1	1	1	3
867	1	-0.8	1.1	1	1	2	2	2	1
868	1	-0.3	1.2	1	1	2	1	1	3
869	1	-1.2	-0.2	2	2	2	1	1	2
870	1	0.2	0.2	2	2	2	2	2	1
871	1	0.3	-0.2	2	2	1	2	2	1
872	1	3.2	1	2	1	2	2	2	1
873	1	1.8	0.8	1	1	1	2	1	3
874	1	0.9	-0.6	2	2	2	1	2	2
875	1	0.5	0.7	2	2	2	2	2	1
876	1	-1	-1	2	2	2	1	1	2
877	1	-1.8	-0.4	2	2	2	2	2	1
878	1	-0.9	-0.8	2	2	2	2	2	1
879	1	-0.3	0.2	1	2	2	1	2	2
880	1	0.5	0.3	1	2	1	1	1	3
881	1	0	-1.2	2	2	2	1	2	2
882	1	-2.2	-1.1	2	2	2	1	1	2
883	1	-0.2	-1.5	2	2	2	1	2	1
884	1	0.3	0	1	1	1	1	1	3
885	1	-0.2	-0.2	2	2	2	2	2	1
886	1	0.2	0.4	2	2	2	2	2	1
887	1	-0.7	0.1	2	2	2	2	2	1
888	1	-0.6	-0.3	1	1	1	1	1	3
889	1	-0.7	-0.3	1	1	1	1	1	3
890	1	-1.4	-0.9	2	2	2	2	1	2
891	1	0.8	0.5	2	1	2	1	1	2
892	1	-0.8	-1	1	1	1	1	2	3
893	1	-1.2	-0.5	2	2	2	1	1	2
894	1	0.6	-0.5	2	2	2	2	2	1
895	1	0.9	-0.6	2	2	2	1	1	2
896	1	-0.4	-0.6	2	2	2	1	1	2
897	1	0.3	0.5	2	2	2	2	2	1
898	1	1.2	-0.3	1	2	2	1	1	2
899	1	-1.1	-0.1	2	2	2	2	2	1
900	1	-0.9	0.6	2	2	2	1	1	2
901	1	-0.1	0.4	2	2	2	2	2	1
902	1	0.3	-0.8	1	1	1	1	1	3
903	1	-0.4	-0.7	2	1	2	2	2	1
904	1	0.2	-1.1	2	2	2	2	2	1
905	1	1.2	1.1	2	2	2	1	1	2
906	1	-0.7	-1.4	2	2	2	1	1	2
907	1	1.5	-0.2	1	2	1	1	1	3
908	1	-2.7	-0.8	2	2	2	1	1	2
909	1	0.9	0.7	2	2	2	1	1	2
910	1	0.7	-0.8	2	2	2	1	1	2
911	1	0.2	1	2	2	2	2	2	1
912	1	-0.3	-0.2	1	1	2	1	1	3
913	1	-0.4	-1.2	2	1	2	2	2	1
914	1	-0.5	0.5	2	2	1	2	1	1
915	1	-0.6	-1	1	1	1	1	1	3
916	1	1	0.6	2	2	2	2	2	1
917	1	-0.1	-0.9	2	2	2	1	1	2
918	1	1.5	0.7	2	2	2	1	1	2
919	1	-2.6	0.3	1	1	1	1	2	3
920	1	1	0.9	1	1	1	1	1	3
921	1	1.4	-1.2	2	2	2	1	1	2
922	1	0.9	0.3	2	2	2	2	2	1
923	1	-0.4	-1.2	2	2	2	2	2	1
924	1	0.3	-1.7	2	2	2	2	2	1
925	1	0.2	0.2	2	2	2	1	1	2
926	1	1	-1.2	1	1	1	1	1	3
927	1	-0.2	-0.8	1	1	1	1	1	3
928	1	0	-0.4	2	2	2	1	1	2
929	1	-0.4	0.1	2	2	2	2	2	1
930	1	-0.1	-1.6	1	2	2	1	1	2
931	1	-0.2	-0.7	1	1	1	1	1	3
932	1	1.5	-0.1	1	1	1	1	1	3
933	1	0.9	0.4	2	2	2	2	2	1
934	1	1	-0.5	2	2	2	2	2	1
935	1	-0.3	-0.2	1	2	2	1	1	2
936	1	0.5	-0.4	2	2	2	2	2	1
937	1	0.4	0.3	2	2	2	1	1	2
938	1	-0.1	0.7	1	1	1	1	1	3
939	1	1.1	0.2	1	2	2	1	1	2
940	1	0.4	-0.8	1	2	2	1	1	2
941	1	2	0.4	2	2	2	1	2	1
942	1	-1.4	-1.5	2	1	2	2	2	1
943	1	0.1	0.8	2	2	1	1	1	2
944	1	-1.1	-0.9	1	1	1	1	1	3
945	1	-0.7	0.6	2	1	2	2	1	2
946	1	-0.2	-1.6	2	2	2	1	1	2
947	1	1.8	0.4	1	1	1	1	1	3
948	1	0.2	-0.9	1	1	1	1	1	3
949	1	0	-0.7	2	2	2	2	2	1
950	1	1.8	1.1	1	1	1	1	1	3
951	1	-1.9	-0.5	2	2	2	1	1	2
952	1	-1.3	0.2	1	1	1	1	2	3
953	1	-0.9	0.4	2	2	1	1	2	1
954	1	0.4	-1.3	1	1	1	1	1	3
955	1	-1.3	-0.2	1	1	2	1	2	3
956	1	-1.2	-0.1	1	1	1	1	1	3
957	1	-0.1	1.3	2	1	2	2	2	1
958	1	0.3	-0.2	2	2	2	2	1	2
959	1	-0.4	0.9	2	2	2	1	1	2
960	1	0.4	1.3	2	2	2	1	1	2
961	1	0.1	0.8	2	2	2	1	2	1
962	1	-0.8	0.1	2	2	2	1	1	2
963	1	0.9	-0.9	1	1	1	1	1	3
964	1	1	0.9	2	1	1	1	1	3
965	1	0.6	0.5	1	1	2	1	1	3
966	1	-0.4	0.8	1	1	1	2	1	3
967	1	1.1	1.1	2	2	2	1	1	2
968	1	1.4	-0.4	2	2	2	1	1	2
969	1	0.1	0.7	1	1	1	2	2	3
970	1	0.4	1	2	2	2	1	1	2
971	1	-0.7	0	2	2	2	1	1	2
972	1	-0.4	-1	2	2	2	2	2	1
973	1	-0.1	-0.3	2	2	2	2	2	1
974	1	-0.8	0	1	1	1	1	1	3
975	1	0	0.7	2	2	2	2	2	1
976	1	0.4	0.6	2	2	2	2	2	1
977	1	-0.5	0.4	2	1	2	2	2	1
978	1	0.2	0.2	2	2	2	2	2	1
979	1	-1.3	1.2	2	2	1	2	2	1
980	1	-0.4	0.4	2	2	2	1	2	1
981	1	0.2	-0.1	2	2	2	2	2	1
982	1	0.8	-0.4	2	2	2	2	2	1
983	1	2	0.5	2	2	2	1	1	2
984	1	-0.9	1.7	1	1	1	1	1	3
985	1	0.7	1.5	2	2	2	2	2	1
986	1	-0.3	0.6	2	2	1	1	1	2
987	1	1.4	1.2	2	2	1	1	1	2
988	1	1.8	1.5	1	1	1	1	1	3
989	1	-0.1	1.4	2	1	2	2	2	1
990	1	-2.4	-0.2	1	2	2	2	2	1
991	1	-1.1	0	1	1	1	1	1	3
992	1	-0.5	-0.9	1	1	1	1	1	3
993	1	-1.5	1.4	2	2	2	2	1	2
994	1	-1.7	0	1	2	2	1	1	2
995	1	0.4	1.2	2	1	1	1	1	3
996	1	2.5	1	2	2	2	1	1	2
997	1	1.7	1.8	1	1	1	1	1	3
998	1	-0.5	-0.9	1	1	1	2	1	3
999	1	1.2	-0.3	2	2	2	1	1	2
1000	1	0.9	-0.4	1	2	1	1	1	3
